17
-39.4289 42.6295 -56.7643 0 1 0
-6.40873 22.122 -48.821 0 1 0
-33.6954 32.1041 -32.9344 0 1 0
6.45518 12.2832 -19.096 0 1 0
22.0597 52.4603 -11.5297 0 1 0
67.9765 9.34029 -0.220045 0 1 0
79.6242 13.1795 -60.8922 0 1 0
48.0819 11.2014 -16.5742 0 1 0
6.60905 39.7174 27.7438 0 1 0
-7.07918 103.342 78.6522 0 1 0
-29.8707 18.0477 70.8336 0 1 0
-12.2234 19.5231 32.6441 0 1 0
-54.5186 22.4738 30.1595 0 1 0
-16.8248 28.3752 6.14774 0 1 0
-47.3429 81.8886 29.2922 0 1 0
-91.0671 63.7835 -10.3835 0 1 0
-64.3626 6.35198 -64.7076 0 1 0
