20
1.13402 174.832 29.1065 0 1 0
-18.8576 138.811 3.67818 0 1 0
22.0782 74.8323 -7.40303 0 1 0
60.7169 10.3228 -0.600407 0 1 0
31.9629 5 93.2197 0 1 0
-57.7946 34.7248 68.6983 0 1 0
-102.051 62.1043 2.74075 0 1 0
-68.0743 45.6637 -60.5996 0 1 0
-6.96823 53.0742 -89.8588 0 1 0
97.5105 68.5848 -35.2885 0 1 0
48.9755 86.7069 55.3723 0 1 0
-80.7394 79.3697 14.8592 0 1 0
-42.3359 92.7634 -43.7068 0 1 0
3.61673 109.442 -43.2048 0 1 0
63.5856 121.076 -12.2072 0 1 0
62.1728 112.011 18.8517 0 1 0
-0.469518 113.25 37.9911 0 1 0
-56.6945 82.9015 -5.05522 0 1 0
-7.2104 108.712 -31.7058 0 1 0
31.7776 157.828 2.70839 0 1 0
